ID,TARGET
1115,0.014397036121996193
1202,0.19620997809764051
1194,-0.19577845153084966
1084,0.10867972002861638
1135,0.1464996136580557
960,0.23789460414305902
1131,0.09030830629941625
996,-0.09777889758316605
1085,0.20064457373036243
1063,-0.04513151937083931
1035,-0.13827189390552555
997,-0.046385501274894825
1042,-0.003921110261932564
954,0.22307103040420748
1126,0.18478034075442518
1122,-0.04184880541051697
1167,0.04485014333968445
1125,-0.04956759651505502
1019,0.03244133516534441
982,0.18964719225448812
1175,0.003616623021957241
1083,0.32557746834034484
1161,0.19027743600068597
1061,-0.05063900025393189
1044,-0.036421828616397756
948,0.26892815386077507
949,0.1555560534491629
941,-0.01330262741144328
1001,-0.20110422744482098
1190,-0.48056759288790757
943,0.5037949431881945
1011,-0.07730412602580095
975,0.24097028596669673
1213,0.3915206289429078
1127,0.3420926111696628
1039,0.023209186457326544
1196,-0.26480794599312407
1171,0.24700194032347006
2028,0.14396102988944626
1746,0.5935884882342843
1608,0.08008789091703523
1356,-0.17936282677311777
2008,-0.0005610251750648165
1390,-0.03784327653482275
1337,-0.22406757209627354
1830,0.20384528425740203
1217,-0.14438405766497886
2037,0.15449022620992361
1989,0.07558725036883729
1984,-0.3013363948857001
2147,0.8037980514648289
1496,0.3898623079470816
1521,-0.1544280394371216
1935,-0.14555516917991393
1994,-0.05505749229189641
1389,0.2506741882128681
1433,-0.21078448132847077
1371,0.1391733148642352
1469,0.10701483315611594
1956,0.2112645313347406
1889,0.16146037153649725
1708,0.08891522473345406
2071,0.0018987432079154154
1407,0.19981850792054584
1339,-0.03715153714111391
1582,-0.14690309101737942
1805,0.527185148407386
1627,-0.23151814985247643
1570,0.2962668057725871
1232,0.21214739158068296
2109,0.07588782376560894
1663,-0.1584002268297124
1664,-0.21912175822242258
1590,0.515262884655127
1465,0.18560900007792897
1466,0.25257893419734045
1458,0.016987040357999306
1741,-0.63916931789219
1245,0.20222191155244182
1444,0.29402069656329655
1920,0.49076107252134654
1632,0.09658164780451696
1439,-0.08596902472481763
1358,0.06125920092453054
1238,-0.30660351567748556
1551,0.06734354964401897
1404,0.11071228373256163
1789,0.4354767874637189
1393,-0.2153387551959653
1668,-0.389948732116947
1264,-0.012416072218032717
2106,0.09781795056622189
1494,-0.0023304963348396157
2088,0.08958389347361977
2030,0.17201930780457358
1642,0.5848211017548204
2095,-0.3472085994468949
1771,0.26067405437064495
1589,0.4787709406080762
1959,0.21925877383250042
1961,-0.12677429704794632
1760,0.17303258228444218
2116,-0.12963227555679627
1336,-0.23158170696080743
1824,0.22867358262515364
1574,0.2716581450451293
1223,-0.5457823726617677
1717,0.09754337983523909
1555,-0.20322588991324847
1998,0.14424017734797412
1691,-0.21214595117126805
1600,0.32000112037856754
1992,0.1101710391357051
1958,0.30641843838537763
1487,0.18772572193809495
2092,0.23038557013550584
1647,0.042562363178618626
1807,0.7231431920058566
1650,-0.16480936373033572
1613,-0.08797592225779172
1778,0.41937502668409643
1914,0.06021358189481117
1550,0.17975683946889665
1923,0.12867065864031568
1347,-0.3642091645751594
1974,0.35385821581535937
1885,0.39651130700794457
1845,0.005983915897820269
2033,0.39362266442760063
1657,0.6106452770247011
1884,0.11069283424290122
2136,0.05665047298618509
1227,0.45162478969451303
1325,0.10476691941704912
2098,0.2559947169452005
1783,0.2404269408076857
1774,-0.04216367353434089
1290,-0.21504918935524953
1904,0.4189856174663288
1679,-0.4805787716112821
1285,0.05644530400186516
1643,-0.0918494603162758
1740,0.2276941167274511
1954,0.2606043514405159
2120,-0.09054814856133833
1785,0.26250679203871863
1633,0.17208178460858023
1427,-0.4795102878470983
1985,0.36860455824457167
1630,0.2143633826756673
1298,0.11082945962979841
1441,-0.005635799949334483
1918,0.7352747346435553
1240,-0.04413077925126152
1903,0.6177676993209256
1838,0.013289040756202158
2009,0.0015014746639730597
1523,-0.025471275298792548
1259,0.17472274599282234
1666,0.17597523188264566
1373,0.26771190743772194
1251,0.19122324364714668
1480,0.35463756221550724
1599,0.3481623442572892
1702,0.2547254990083503
1928,0.6025144574438039
1396,-0.4199804377461474
1656,0.5895921022595515
1711,0.030910811988510617
1644,-0.06439123626625542
2006,-0.13649123906618923
1406,0.10638229198347528
1730,0.1455501613467543
1296,0.03161963122236773
2099,0.26731419595562517
1888,0.618212896817478
1557,0.09686826860712298
1542,0.15895197821612275
1368,-0.0624252659216937
1446,-0.006259059580083617
1865,0.43577513352205693
1775,-0.0576739040707574
730,-0.6683670504163779
273,-0.26383163923473946
911,-0.5221862138409712
274,0.27233110196160265
619,0.1133978653032566
31,0.20070793724103275
795,-0.23851646227297563
807,0.0020332592072234423
751,0.0412332766051441
234,-0.31369289584633075
244,-0.11830931047477375
299,0.29681884746080295
437,0.4631165351191751
716,0.10321173241862013
617,0.18231475206634867
885,-0.20461124373822714
95,0.06960063705203444
750,0.2659772571348332
775,0.21118750436179234
784,0.05382873609655887
802,-0.12539397236194572
504,-0.04660406431698538
798,-0.2952287207921718
403,0.26472332948246635
658,0.4352955057810925
369,0.28078776790841264
52,0.049122272126353145
513,0.0410057353881538
791,0.011835030846817113
133,-0.4643400441966464
815,0.17152754559193653
824,0.21042027084910075
179,-0.38197988047175735
124,0.0609559290859
471,-0.308879615696637
255,0.08860683539600442
916,-0.31341997748912653
153,0.18577304037353648
284,0.11488658415418163
387,0.4365385213796112
508,0.16123644426369346
598,0.35369984611339655
323,0.1985665399603445
703,0.6443602413572393
510,0.19953020956903034
592,0.4400371153326836
467,0.48814911525079346
420,0.48694956374373705
537,0.41037582321439275
410,-0.20400452547572417
425,0.6402817119471218
318,0.16525768451231104
87,0.09947470557043335
578,0.3847880991952714
863,0.03020835661494803
20,0.05073461500620373
602,0.41977100505681564
803,-0.1072977047244478
151,-0.09634030122737999
706,0.3187822485509373
763,-0.013729981092291427
41,0.359964645841527
484,0.3594460027747861
554,0.24730050118054253
203,-0.16804974528110506
56,0.2525867543874423
145,-0.22879441122136973
461,0.03561703913488184
585,0.24840370738813838
604,0.13129623930990553
903,-0.19486169420918337
679,0.2699667812681088
692,0.13916542242568078
816,0.2883948455886648
887,0.5381963819359319
697,-0.3710260597000996
143,0.1738251399779338
64,0.45206291380894303
590,0.8092329887063137
528,0.42783187487644864
454,-0.29420340208159157
685,0.609421705615977
413,0.19660185680440911
67,0.02492861971473323
345,0.038454080257091384
375,0.2826700235790308
418,0.2203365866999406
874,-0.20644692497290307
596,0.5574983793828538
363,0.2228245784828778
60,0.3991257763996783
325,0.24792107025206886
104,-0.019411855919331866
721,-0.3401438402733051
139,0.0032328241408835917
897,0.48345789757053664
577,0.21657143139155682
75,-0.1738958227803296
78,0.13649125041299692
73,-0.15069975159296714
491,-0.12993982911656393
213,-0.1496252501675723
539,-0.3807076657783901
218,-0.09923424500120712
625,0.1956826449181968
846,0.1945125224144913
810,-0.02376231740801897
222,-0.26588227431542905
125,0.014398962015621991
665,1.0965322722517374
261,-0.23292540871461054
804,0.012767886052425403
828,-0.10121714620109742
898,0.26396034163224413
6,-0.412841662950778
657,0.4041244593205936
770,0.18601197650178453
445,0.8253773915680016
870,-0.13540083984690335
734,-0.2642975693194334
683,0.1843345658773631
196,0.10808437639239696
329,-0.07484850854315603
126,-0.04307834778991043
381,-0.2957449322390661
399,0.06782349641286514
88,0.15051315439274443
880,-0.05122569822349307
194,-0.08773590825186531
102,0.004862477571454318
699,-0.16023501390592992
593,0.25662753514353764
564,0.14108476114761925
172,-0.0029108641460577622
483,0.4151303343482985
723,-0.2907010187501801
726,0.09747186105193459
378,-0.15788793136242563
385,0.07121914947590459
270,0.01829628472022056
881,0.1996492878531237
30,0.19382738677447026
27,-0.04668174434065886
700,0.592086290967751
349,-0.32096224219678704
530,0.5935884882342842
1942,0.09747186105193459
1699,0.4151303343482985
2020,0.012767886052425403
1793,0.21657143139155682
2086,-0.13540083984690335
1744,0.42783187487644864
1755,-0.3807076657783901
1243,-0.04668174434065886
1355,0.0032328241408835917
1812,0.5574983793828538
2113,0.48345789757053664
1477,-0.23292540871461054
1939,-0.2907010187501801
1486,0.01829628472022056
2097,0.1996492878531237
1670,-0.29420340208159157
1561,0.038454080257091384
1289,-0.15069975159296714
1986,0.18601197650178453
1545,-0.07484850854315603
1677,0.03561703913488184
1809,0.25662753514353764
1000,-0.024262233231537297
1913,-0.3710260597000996
1565,-0.32096224219678704
1246,0.19382738677447026
1036,0.04595821886189512
2031,0.17152754559193653
1283,0.02492861971473323
1429,-0.1496252501675723
1410,-0.08773590825186531
1029,-0.05484454798107946
1318,0.004862477571454318
2032,0.2883948455886648
1434,-0.09923424500120712
2044,-0.10121714620109742
1291,-0.1738958227803296
2011,-0.23851646227297563
1937,-0.3401438402733051
1320,-0.019411855919331866
1901,0.609421705615977
1881,1.0965322722517374
1661,0.8253773915680016
1257,0.359964645841527
1950,-0.2642975693194334
1412,0.10808437639239696
1818,0.41977100505681564
1707,-0.12993982911656393
1388,-0.0029108641460577622
1541,0.24792107025206886
1700,0.3594460027747861
1129,-0.08144338037150248
1342,-0.04307834778991043
1276,0.3991257763996783
1206,-0.008261986604472207
2090,-0.20644692497290307
967,0.14574719788193152
1597,-0.2957449322390661
1591,0.2826700235790308
1615,0.06782349641286514
2096,-0.05122569822349307
1294,0.13649125041299692
1915,-0.16023501390592992
968,0.4236429847143363
1222,-0.412841662950778
1579,0.2228245784828778
1841,0.19568264491819684
2132,-0.31341997748912653
1873,0.4041244593205936
2114,0.26396034163224413
973,0.23710216644875348
1899,0.1843345658773631
1634,0.2203365866999406
1916,0.592086290967751
1729,0.0410057353881538
1304,0.15051315439274443
1780,0.14108476114761925
882,0.2559947169452005
932,-0.08825568322951954
1034,-0.47475015010602656
2014,-0.2952287207921717
1026,0.05635912769597868
448,-0.21912175822242258
988,-0.11765567850819153
773,0.07558725036883729
2101,-0.20461124373822714
1367,-0.09634030122737999
649,0.43577513352205693
177,-0.2153387551959653
1062,-0.0712595420456662
228,0.29402069656329655
1010,0.06991386757406927
1047,-0.1782992084848402
24,-0.04413077925126152
431,0.042562363178618626
326,0.15895197821612275
1002,-0.1035375847230296
1874,0.4352955057810925
131,-0.3642091645751594
890,0.09781795056622189
1801,0.24840370738813838
501,0.09754337983523909
16,0.21214739158068296
1158,-0.16307152958661963
1653,0.4631165351191751
745,-0.12677429704794632
428,-0.06439123626625542
495,0.030910811988510617
778,-0.05505749229189641
524,0.2276941167274511
1460,-0.11830931047477375
341,0.09686826860712298
1489,-0.26383163923473946
334,0.1797568394688967
123,-0.03715153714111391
1946,-0.6683670504163779
230,-0.006259059580083617
629,0.005983915897820269
1626,-0.20400452547572417
173,0.2506741882128681
893,0.07588782376560894
492,0.08891522473345406
384,0.32000112037856754
43,0.17472274599282234
121,-0.22406757209627354
591,0.7231431920058566
704,0.49076107252134654
249,0.18560900007792897
486,0.2547254990083503
339,-0.20322588991324847
278,-0.0023304963348396157
463,-0.4805787716112821
440,0.5895921022595515
217,-0.21078448132847077
1349,-0.4643400441966464
191,0.19981850792054584
876,0.23038557013550584
223,-0.08596902472481763
793,0.0015014746639730597
1820,0.13129623930990553
707,0.12867065864031568
271,0.18772572193809495
743,0.21925877383250042
569,0.26250679203871863
1236,0.05073461500620373
758,0.35385821581535937
558,-0.04216367353434089
1154,0.4722882166884329
1311,0.06960063705203444
1932,0.10321173241862013
2119,-0.19486169420918337
1107,-0.08769708958807426
373,0.4787709406080762
1619,0.26472332948246635
983,0.26928089929638466
1082,0.024178013023801376
1058,-0.140003596909712
719,-0.14555516917991393
742,0.30641843838537763
782,0.14424017734797412
2079,0.03020835661494803
1,-0.14438405766497886
188,0.11071228373256163
1966,0.2659772571348333
1038,0.1236611727248197
900,-0.12963227555679627
855,0.0018987432079154154
417,0.17208178460858023
962,0.0689119613136033
1687,-0.308879615696637
1835,0.1133978653032566
1369,0.18577304037353648
1629,0.19660185680440911
2103,0.5381963819359319
1041,-0.18451678455564796
790,-0.13649123906618923
1585,0.28078776790841264
335,0.06734354964401897
2040,0.21042027084910075
2023,0.0020332592072234423
225,-0.005635799949334483
1361,-0.22879441122136973
1490,0.27233110196160265
2019,-0.1072977047244478
1087,0.13629355902884974
1594,-0.15788793136242563
1074,-0.27870987315790435
250,0.25257893419734045
1601,0.07121914947590459
555,0.26067405437064495
383,0.3481623442572892
69,0.05644530400186516
1164,0.38703803818468424
2018,-0.12539397236194572
812,0.14396102988944626
109,0.10476691941704912
1043,-0.031890741175593124
1112,-0.3890768955284799
1181,-0.06709085835465131
1922,0.3187822485509373
1184,0.10436081363979596
687,0.6177676993209256
1280,0.45206291380894303
1683,0.48814911525079346
11,0.451624789694513
1979,-0.013729981092291427
2127,-0.5221862138409712
740,0.2112645313347406
80,0.03161963122236773
142,0.06125920092453054
768,-0.3013363948857001
1539,0.1985665399603445
1210,-0.2493896750202813
1155,0.23607012796659715
174,-0.03784327653482275
738,0.2606043514405159
2026,-0.02376231740801897
264,0.35463756221550724
180,-0.4199804377461474
883,0.26731419595562517
1908,0.13916542242568078
1359,0.1738251399779338
1268,0.049122272126353145
242,0.016987040357999306
1114,0.07263895312676037
792,-0.0005610251750648165
939,0.4100879817652608
354,0.2962668057725871
452,-0.389948732116947
427,-0.0918494603162758
1151,0.1610161338603216
366,-0.14690309101737942
35,0.19122324364714668
74,-0.21504918935524953
698,0.06021358189481117
392,0.08008789091703523
1895,0.2699667812681088
155,0.1391733148642352
1720,-0.04660406431698538
1806,0.8092329887063137
1272,0.2525867543874423
1753,0.41037582321439275
562,0.41937502668409643
414,0.2143633826756673
1636,0.48694956374373705
280,0.38986230794708154
157,0.26771190743772194
434,-0.16480936373033572
872,0.08958389347361977
1808,0.4400371153326836
814,0.17201930780457358
1833,0.18231475206634867
2062,0.1945125224144913
29,0.20222191155244182
1724,0.16123644426369346
447,-0.1584002268297124
622,0.013289040756202158
374,0.515262884655127
688,0.4189856174663288
669,0.39651130700794457
1303,0.09947470557043335
1919,0.6443602413572393
397,-0.08797592225779172
2007,0.011835030846817113
920,0.05665047298618509
1395,-0.38197988047175735
1247,0.20070793724103275
1603,0.4365385213796112
1814,0.35369984611339655
358,0.2716581450451293
514,0.1455501613467543
2000,0.05382873609655887
120,-0.23158170696080743
1991,0.21118750436179234
1438,-0.26588227431542905
573,0.4354767874637189
1967,0.0412332766051441
559,-0.0576739040707574
416,0.09658164780451699
614,0.20384528425740203
253,0.10701483315611594
544,0.17303258228444218
1794,0.3847880991952714
48,-0.012416072218032717
821,0.15449022620992361
1770,0.24730050118054256
904,-0.09054814856133833
140,-0.17936282677311777
589,0.527185148407386
1534,0.16525768451231104
1471,0.08860683539600442
672,0.618212896817478
567,0.2404269408076857
931,0.8037980514648289
82,0.11082945962979841
1450,-0.31369289584633075
769,0.36860455824457167
7,-0.5457823726617677
1515,0.29681884746080295
152,-0.0624252659216937
441,0.6106452770247011
1419,-0.16804974528110506
211,-0.4795102878470983
1726,0.19953020956903034
475,-0.21214595117126805
608,0.22867358262515364
190,0.10638229198347528
1341,0.014398962015621991
776,0.1101710391357051
1500,0.11488658415418163
307,-0.025471275298792548
1340,0.0609559290859
22,-0.30660351567748556
411,-0.23151814985247643
668,0.11069283424290122
426,0.5848211017548204
525,-0.63916931789219
702,0.7352747346435553
305,-0.1544280394371216
450,0.17597523188264566
817,0.39362266442760063
879,-0.3472085994468949
673,0.16146037153649725
1641,0.6402817119471218
712,0.6025144574438039
1060,-0.14130158934539735
